[array([[-0.00017769,  0.00194433, -0.0021335 , ..., -0.00024702,
        -0.0002635 , -0.00144073],
       [ 0.00259787, -0.00142999,  0.00107546, ..., -0.00145787,
        -0.00031036,  0.00255281],
       [-0.00178809, -0.00057706,  0.00303888, ...,  0.00085835,
         0.00216428, -0.00205265],
       ...,
       [ 0.00270772, -0.00142996,  0.00015095, ...,  0.00212108,
         0.00129936, -0.00240808],
       [ 0.0011231 , -0.00220082, -0.00222835, ..., -0.00126008,
        -0.00116291, -0.000105  ],
       [-0.00092561, -0.00155528, -0.00283876, ..., -0.00275815,
         0.00066655, -0.00193329]]), array([[ 4.48877131e-01,  3.85512363e-01,  3.73725916e-01,
         3.99011377e-01,  1.28978807e+00,  3.79553091e-01,
         5.91320505e-01,  5.41283153e-01,  3.31521233e-01,
         4.53365469e-01,  7.10698628e-01,  3.71570391e-01,
         4.28717368e-01,  3.34497738e-01,  3.68070086e-01,
         5.82754478e-01],
       [-3.14301263e-01, -3.13878131e-01, -3.12435033e-01,
        -3.16462499e-01,  1.58064769e-02, -3.17443043e-01,
        -2.96424327e-01, -3.07161231e-01, -3.13094077e-01,
        -3.11937246e-01, -2.80610230e-01, -3.16138309e-01,
        -3.16898329e-01, -3.15466478e-01, -3.12946426e-01,
        -2.98121304e-01],
       [-1.79458753e-01, -1.79726562e-01, -1.81148071e-01,
        -1.81295795e-01, -1.77026042e-01, -1.80572750e-01,
        -1.77752314e-01, -1.79111273e-01, -1.85034510e-01,
        -1.80246063e-01, -1.79551459e-01, -1.78500747e-01,
        -1.81490237e-01, -1.80473724e-01, -1.81743268e-01,
        -1.80133088e-01],
       [-1.41590915e+00, -1.20297128e+00, -1.18022733e+00,
        -1.26039305e+00, -6.71796173e+00, -1.19364916e+00,
        -2.01370286e+00, -1.77948729e+00, -1.04946807e+00,
        -1.42897557e+00, -2.47266964e+00, -1.17897750e+00,
        -1.34457689e+00, -1.05088956e+00, -1.17437754e+00,
        -1.97112819e+00],
       [-1.30052073e-01, -1.27808278e-01, -1.25290354e-01,
        -1.30996548e-01, -1.32334663e-01, -1.26338248e-01,
        -1.32573510e-01, -1.25428862e-01, -1.24225005e-01,
        -1.24398438e-01, -1.30274008e-01, -1.29593177e-01,
        -1.25227760e-01, -1.26265299e-01, -1.26588059e-01,
        -1.32146016e-01],
       [-2.63725444e-01, -2.65248033e-01, -2.66661949e-01,
        -2.61730443e-01,  2.05929168e-02, -2.61509411e-01,
        -2.30437203e-01, -2.49303331e-01, -2.63518264e-01,
        -2.60519460e-01, -1.96975766e-01, -2.60898722e-01,
        -2.61074089e-01, -2.63794983e-01, -2.63056429e-01,
        -2.32104625e-01],
       [-3.56547431e-02, -3.20533867e-02, -3.35373564e-02,
        -3.17181442e-02, -3.56519382e-02, -3.66585226e-02,
        -3.63780292e-02, -3.38868691e-02, -3.59237669e-02,
        -3.50919540e-02, -3.68385511e-02, -3.27452081e-02,
        -3.53518125e-02, -3.49769089e-02, -3.39843145e-02,
        -3.54662469e-02],
       [-2.64217027e-01, -2.67350771e-01, -2.63472870e-01,
        -2.65495241e-01,  1.79150138e-02, -2.67538317e-01,
        -2.29682571e-01, -2.45751997e-01, -2.61720952e-01,
        -2.65804642e-01, -2.01172082e-01, -2.65671475e-01,
        -2.63675234e-01, -2.59229832e-01, -2.61997769e-01,
        -2.33672678e-01],
       [-2.63092067e-01, -2.68408631e-01, -2.68169943e-01,
        -2.65572583e-01,  1.52358648e-02, -2.66574447e-01,
        -2.35563873e-01, -2.50419909e-01, -2.61953553e-01,
        -2.62636382e-01, -2.02098194e-01, -2.67641927e-01,
        -2.66625248e-01, -2.62044229e-01, -2.66481710e-01,
        -2.36621578e-01],
       [-8.06390357e-02, -6.88497915e-02, -6.86290441e-02,
        -7.49678489e-02, -5.24191635e-01, -6.83576860e-02,
        -1.10175892e-01, -9.75794365e-02, -6.66175358e-02,
        -8.14629558e-02, -1.27331382e-01, -7.03854414e-02,
        -7.81979538e-02, -6.40947375e-02, -7.17916194e-02,
        -1.06171876e-01],
       [-2.60081012e-01, -2.64983931e-01, -2.67961585e-01,
        -2.66285909e-01,  1.56563958e-02, -2.64226886e-01,
        -2.34240931e-01, -2.48567805e-01, -2.66566478e-01,
        -2.61597053e-01, -1.98375755e-01, -2.66591240e-01,
        -2.65475323e-01, -2.60501180e-01, -2.65822682e-01,
        -2.37626161e-01],
       [-7.81608422e-03, -9.53632226e-03, -1.05915307e-02,
        -9.55271665e-03, -8.95775724e-03, -8.14472416e-03,
        -8.99777970e-03, -6.48770947e-03, -7.57866995e-03,
        -5.46607401e-03, -5.61625673e-03, -5.62023882e-03,
        -5.22653206e-03, -8.53131490e-03, -7.35593290e-03,
        -8.42432814e-03],
       [-2.61790569e-01, -2.62738620e-01, -2.60196553e-01,
        -2.60446147e-01,  1.96351961e-02, -2.63146797e-01,
        -2.29131820e-01, -2.46267573e-01, -2.60849062e-01,
        -2.62914391e-01, -2.00720054e-01, -2.59430563e-01,
        -2.61539412e-01, -2.58351335e-01, -2.64920116e-01,
        -2.34584371e-01],
       [-5.52127479e-01, -5.06831744e-01, -5.01028899e-01,
        -5.27775115e-01, -5.15775522e-01, -5.07820201e-01,
        -5.90665667e-01, -5.77772878e-01, -4.74474878e-01,
        -5.48211202e-01, -5.72955852e-01, -5.07551094e-01,
        -5.40710128e-01, -4.67387763e-01, -5.06325589e-01,
        -5.93404512e-01],
       [-2.62286483e-01, -2.66822120e-01, -2.66279042e-01,
        -2.67166640e-01,  1.70979655e-02, -2.66991893e-01,
        -2.35298622e-01, -2.47917888e-01, -2.66905730e-01,
        -2.66616997e-01, -2.02113118e-01, -2.66734299e-01,
        -2.65448643e-01, -2.63685689e-01, -2.67890571e-01,
        -2.36634366e-01],
       [-7.72334231e-02, -7.69862493e-02, -7.46605777e-02,
        -7.77805909e-02, -7.76261968e-02, -7.73002820e-02,
        -7.71201021e-02, -7.58962633e-02, -7.67760176e-02,
        -7.54684992e-02, -7.71533295e-02, -7.43490573e-02,
        -7.71548395e-02, -7.51842321e-02, -7.57431348e-02,
        -7.78982710e-02],
       [-1.17043440e-01, -1.18254746e-01, -1.19618042e-01,
        -1.18907116e-01, -1.20106349e-01, -1.16318891e-01,
        -1.15576834e-01, -1.17687472e-01, -1.16257874e-01,
        -1.18146324e-01, -1.15562260e-01, -1.14566880e-01,
        -1.19189368e-01, -1.19354942e-01, -1.18334867e-01,
        -1.16278466e-01],
       [ 6.43503840e-02,  5.12317243e-02,  4.69649987e-02,
         5.32081763e-02,  6.72866727e+00,  5.19698216e-02,
         1.30763777e-01,  9.15225232e-02,  4.15178838e-02,
         6.11483680e-02,  2.71645071e-01,  4.80324149e-02,
         6.12214631e-02,  4.27130721e-02,  4.73468669e-02,
         1.24805234e-01],
       [-1.43927582e-01, -1.46547127e-01, -1.46281061e-01,
        -1.42784852e-01, -1.46343665e-01, -1.47496176e-01,
        -1.48226675e-01, -1.46253686e-01, -1.47190817e-01,
        -1.48629206e-01, -1.45702442e-01, -1.46288964e-01,
        -1.48144381e-01, -1.44862913e-01, -1.44843263e-01,
        -1.43563129e-01],
       [-1.87435424e-01, -1.92077702e-01, -1.91801915e-01,
        -1.89840176e-01, -1.81661788e-01, -1.92442086e-01,
        -1.86303186e-01, -1.86542893e-01, -1.92615231e-01,
        -1.86526699e-01, -1.85109115e-01, -1.91709091e-01,
        -1.86116959e-01, -1.93172986e-01, -1.88964931e-01,
        -1.88057834e-01],
       [-2.59256218e-01, -2.60488408e-01, -2.63612994e-01,
        -2.65745542e-01,  1.21372169e-02, -2.66671932e-01,
        -2.37088358e-01, -2.49962616e-01, -2.58834165e-01,
        -2.65219185e-01, -2.04669707e-01, -2.62066981e-01,
        -2.64399969e-01, -2.59073644e-01, -2.62659890e-01,
        -2.37831987e-01],
       [-2.60484754e-01, -2.64778052e-01, -2.67353063e-01,
        -2.62592918e-01,  1.60885828e-02, -2.64419975e-01,
        -2.33253808e-01, -2.46112827e-01, -2.64439525e-01,
        -2.61787795e-01, -1.97620721e-01, -2.65072875e-01,
        -2.61563670e-01, -2.62701677e-01, -2.63822841e-01,
        -2.34154415e-01],
       [-1.09695878e-01, -1.12753206e-01, -1.09746253e-01,
        -1.12047895e-01,  1.73040743e-01, -1.11089719e-01,
        -7.93609734e-02, -9.23033194e-02, -1.12515320e-01,
        -1.08492911e-01, -4.88751628e-02, -1.08599953e-01,
        -1.08958293e-01, -1.09041823e-01, -1.13448441e-01,
        -8.12860991e-02],
       [-2.60488151e-01, -2.64969377e-01, -2.64155166e-01,
        -2.63992330e-01,  2.05563833e-02, -2.65838023e-01,
        -2.33250841e-01, -2.49889523e-01, -2.61115659e-01,
        -2.60918491e-01, -1.99017867e-01, -2.64029029e-01,
        -2.61921625e-01, -2.64397370e-01, -2.61391986e-01,
        -2.36338649e-01],
       [-1.17080746e-01, -1.18774989e-01, -1.16330089e-01,
        -1.15717236e-01, -1.18570193e-01, -1.18297828e-01,
        -1.19924501e-01, -1.21143538e-01, -1.19660560e-01,
        -1.16255851e-01, -1.16559311e-01, -1.16832238e-01,
        -1.16289524e-01, -1.18157087e-01, -1.20615274e-01,
        -1.18944447e-01],
       [-2.58539457e-01, -2.61353458e-01, -2.64818437e-01,
        -2.62109060e-01,  1.77239458e-02, -2.64822052e-01,
        -2.31685590e-01, -2.44917146e-01, -2.59495805e-01,
        -2.61253277e-01, -1.95253405e-01, -2.62523723e-01,
        -2.59853972e-01, -2.57806817e-01, -2.60620633e-01,
        -2.33613625e-01],
       [-4.67409444e-02, -5.23216579e-02, -5.06566898e-02,
        -4.73080977e-02, -5.20638715e-02, -5.23026754e-02,
        -5.17062140e-02, -5.26158962e-02, -4.99145538e-02,
        -5.14133350e-02, -4.99526783e-02, -5.06083611e-02,
        -5.07021667e-02, -4.74681488e-02, -5.20179768e-02,
        -5.17274079e-02],
       [-2.23088625e-01, -2.19263202e-01, -2.19862310e-01,
        -2.23899940e-01, -2.14259830e-01, -2.22638588e-01,
        -2.20592632e-01, -2.17484745e-01, -2.22055919e-01,
        -2.21029192e-01, -2.16734394e-01, -2.23171948e-01,
        -2.21211768e-01, -2.22443355e-01, -2.21429044e-01,
        -2.18805423e-01],
       [-2.63504622e-01, -2.65760671e-01, -2.66328554e-01,
        -2.63436671e-01,  2.08532101e-02, -2.63195443e-01,
        -2.33821380e-01, -2.45827259e-01, -2.62545824e-01,
        -2.63930748e-01, -1.99447803e-01, -2.62479943e-01,
        -2.60950908e-01, -2.61765395e-01, -2.65356764e-01,
        -2.34901780e-01],
       [-5.60521670e-02, -5.42365457e-02, -5.36175352e-02,
        -5.61276566e-02, -5.46024629e-02, -5.50136711e-02,
        -5.46085300e-02, -5.52156732e-02, -5.43046875e-02,
        -5.43377794e-02, -5.62667034e-02, -5.17172740e-02,
        -5.21592829e-02, -5.64419063e-02, -5.75989571e-02,
        -5.31338384e-02],
       [-2.55186201e-01, -2.56463878e-01, -2.58729808e-01,
        -2.56130724e-01,  2.52880252e-02, -2.58382149e-01,
        -2.23965617e-01, -2.42138581e-01, -2.58485085e-01,
        -2.53429319e-01, -1.90802853e-01, -2.57744093e-01,
        -2.54274919e-01, -2.53802148e-01, -2.58239733e-01,
        -2.28664463e-01],
       [-5.47233158e-02, -5.53321950e-02, -5.58217732e-02,
        -5.75307347e-02, -5.46025879e-02, -5.74276885e-02,
        -5.74312057e-02, -5.84972687e-02, -5.90189815e-02,
        -5.56982243e-02, -5.49514254e-02, -5.36666515e-02,
        -5.42430467e-02, -5.70476124e-02, -5.85583114e-02,
        -5.82460802e-02]]), array([[-1.57200826e-01,  3.55971935e-01, -1.66200491e-02,
         7.25999462e-02, -7.58479974e-02, -4.14115673e-01,
        -5.13908142e-02,  3.02557027e-01, -6.35304392e-02,
         5.31206187e-02],
       [-1.09652833e-01,  2.58411208e-01, -1.32670916e-02,
         1.00050389e-01, -6.55090547e-02, -4.17004330e-01,
        -1.07062447e-02,  2.77952204e-01, -5.87429807e-02,
         4.40004486e-02],
       [-1.05693777e-01,  2.45333962e-01, -1.10300653e-02,
         1.00745362e-01, -6.43789667e-02, -4.16923516e-01,
        -5.89690141e-03,  2.74691100e-01, -5.70162530e-02,
         4.22513803e-02],
       [-1.27449388e-01,  2.84981643e-01, -1.45689243e-02,
         9.20641568e-02, -7.29650467e-02, -4.12723271e-01,
        -2.32453738e-02,  2.86100463e-01, -6.06659130e-02,
         4.54861469e-02],
       [-1.68749814e+00,  4.51381888e+00,  6.28923271e-01,
        -4.01068530e-01, -6.48236398e-01, -1.30512409e+00,
        -1.09551469e+00,  1.41091118e+00, -5.15177787e-01,
        -9.06886500e-01],
       [-1.12018011e-01,  2.51589659e-01, -1.41427990e-02,
         9.90681389e-02, -6.52091951e-02, -4.13530239e-01,
        -1.02203220e-02,  2.77863258e-01, -5.72543569e-02,
         3.98294904e-02],
       [-2.35265576e-01,  6.43905095e-01,  1.38805152e-02,
         3.19654741e-02, -1.35274980e-01, -4.41693174e-01,
        -1.70740430e-01,  3.60408147e-01, -7.78711248e-02,
         1.62110807e-02],
       [-2.07278486e-01,  5.28699342e-01, -4.61225256e-03,
         3.80982085e-02, -1.05403662e-01, -4.29831402e-01,
        -1.24070646e-01,  3.33897414e-01, -7.06887663e-02,
         3.89518491e-02],
       [-7.20631775e-02,  1.90570427e-01, -4.01116878e-03,
         1.28913719e-01, -6.87618437e-02, -4.15709938e-01,
         7.16651936e-03,  2.56027227e-01, -5.08247180e-02,
         1.80418125e-02],
       [-1.60586237e-01,  3.56439429e-01, -1.73066440e-02,
         6.78946834e-02, -7.47808159e-02, -4.13515596e-01,
        -5.32649081e-02,  3.04378046e-01, -6.76163691e-02,
         5.68469616e-02],
       [-3.02351598e-01,  8.57219171e-01,  4.86989204e-02,
         2.25724990e-02, -1.75622845e-01, -5.05011704e-01,
        -2.56139885e-01,  4.44542422e-01, -1.11642410e-01,
        -2.69722527e-02],
       [-1.07689047e-01,  2.48246169e-01, -1.08330398e-02,
         1.04748949e-01, -6.93548249e-02, -4.17346070e-01,
        -8.97520165e-03,  2.75035241e-01, -5.82852706e-02,
         3.69735778e-02],
       [-1.43944186e-01,  3.22792278e-01, -1.47622297e-02,
         8.05558144e-02, -7.11776247e-02, -4.15078255e-01,
        -3.86072103e-02,  2.96121173e-01, -6.21620213e-02,
         5.09373412e-02],
       [-6.70141747e-02,  1.92601631e-01, -3.68797939e-03,
         1.30563891e-01, -6.58477768e-02, -4.23788324e-01,
         8.78670312e-03,  2.58140673e-01, -4.88182226e-02,
         1.76224481e-02],
       [-1.06315697e-01,  2.45406442e-01, -1.11192225e-02,
         1.04246906e-01, -7.10125077e-02, -4.15511768e-01,
        -4.91064877e-03,  2.75568328e-01, -5.63708248e-02,
         3.76916378e-02],
       [-2.29944244e-01,  6.23956677e-01,  1.23947015e-02,
         3.47317420e-02, -1.31276435e-01, -4.37306906e-01,
        -1.66016001e-01,  3.55988601e-01, -7.29983071e-02,
         1.94166412e-02]])]